A original=
1.43579 	 0.780317 	 0.330006 	 1.15468 	 
0.780317 	 0.940091 	 0.469996 	 0.712781 	 
0.330006 	 0.469996 	 0.723085 	 0.606011 	 
1.15468 	 0.712781 	 0.606011 	 1.22159 	 

A=
1.43579 	 1.24207e-17 	 0 	 -1.87807e-10 	 
0.780317 	 0.940091 	 4.32378e-11 	 -2.04849e-14 	 
0.330006 	 0.469996 	 0.723085 	 5.39501e-17 	 
1.15468 	 0.712781 	 0.606011 	 1.22159 	 

V =
0.55331 	 -0.016419 	 -0.567482 	 0.609543 	 
-0.197899 	 0.835328 	 0.258623 	 0.44292 	 
0.4631 	 -0.291133 	 0.781701 	 0.299541 	 
-0.663493 	 -0.466047 	 -0.00477676 	 0.585282 	 

diag(D) =
0.048284 	 0.363273 	 0.635307 	 3.27369 	 

h=5
A restored=
1.43579 	 0.780317 	 0.330006 	 1.15468 	 
0.780317 	 0.940091 	 0.469996 	 0.712781 	 
0.330006 	 0.469996 	 0.723085 	 0.606011 	 
1.15468 	 0.712781 	 0.606011 	 1.22159 	 

D=
0.048284 	 4.51028e-17 	 -4.94667e-17 	 -1.87806e-10 	 
6.93889e-17 	 0.363273 	 4.32378e-11 	 -2.0775e-14 	 
-2.0383e-17 	 4.32378e-11 	 0.635307 	 -1.62197e-16 	 
-1.87807e-10 	 -2.06501e-14 	 -3.17454e-16 	 3.27369 	 

