# x y dy
0.1 12.644 0.858 
0.145 9.235 0.359 
0.211 7.377 0.505 
0.307 6.46 0.403 
0.447 5.555 0.683 
0.649 5.896 0.605 
0.944 5.673 0.856 
1.372 6.964 0.351 
1.995 8.896 1.083 
2.9 11.355 1.002 




# x f df
0.09 13.3327 0.604983 13.9377 12.7277 
0.12 10.6981 0.373988 11.0721 10.3241 
0.15 9.15359 0.26268 9.41627 8.89091 
0.18 8.15416 0.217025 8.37118 7.93713 
0.21 7.46619 0.206685 7.67287 7.2595 
0.24 6.97288 0.211576 7.18445 6.7613 
0.27 6.60934 0.221141 6.83049 6.3882 
0.3 6.33666 0.230998 6.56765 6.10566 
0.33 6.13003 0.239607 6.36964 5.89043 
0.36 5.97296 0.246566 6.21953 5.7264 
0.39 5.85401 0.251896 6.1059 5.60211 
0.42 5.765 0.255762 6.02076 5.50924 
0.45 5.69995 0.258365 5.95832 5.44159 
0.48 5.65437 0.259901 5.91427 5.39447 
0.51 5.62482 0.260547 5.88536 5.36427 
0.54 5.60862 0.260458 5.86908 5.34817 
0.57 5.60368 0.259771 5.86345 5.34391 
0.6 5.6083 0.258602 5.8669 5.3497 
0.63 5.62112 0.257054 5.87817 5.36406 
0.66 5.64101 0.255217 5.89623 5.3858 
0.69 5.66706 0.253171 5.92024 5.41389 
0.72 5.6985 0.250985 5.94949 5.44752 
0.75 5.73468 0.248726 5.9834 5.48595 
0.78 5.77505 0.246451 6.0215 5.5286 
0.81 5.81914 0.244213 6.06336 5.57493 
0.84 5.86657 0.242062 6.10863 5.6245 
0.87 5.91697 0.240043 6.15702 5.67693 
0.9 5.97006 0.238198 6.20826 5.73187 
0.93 6.02558 0.236566 6.26215 5.78901 
0.96 6.0833 0.235183 6.31848 5.84811 
0.99 6.14301 0.23408 6.37709 5.90893 
1.02 6.20454 0.233288 6.43783 5.97125 
1.05 6.26774 0.232833 6.50058 6.03491 
1.08 6.33247 0.232737 6.56521 6.09973 
1.11 6.3986 0.233019 6.63162 6.16558 
1.14 6.46602 0.233695 6.69972 6.23233 
1.17 6.53464 0.234777 6.76941 6.29986 
1.2 6.60435 0.236274 6.84063 6.36808 
1.23 6.67509 0.238189 6.91328 6.4369 
1.26 6.74678 0.240525 6.98731 6.50626 
1.29 6.81936 0.243279 7.06264 6.57608 
1.32 6.89275 0.246448 7.1392 6.64631 
1.35 6.96692 0.250022 7.21694 6.7169 
1.38 7.0418 0.253994 7.2958 6.78781 
1.41 7.11736 0.258352 7.37571 6.85901 
1.44 7.19354 0.263082 7.45663 6.93046 
1.47 7.27032 0.268172 7.53849 7.00215 
1.5 7.34765 0.273605 7.62126 7.07405 
1.53 7.42551 0.279367 7.70488 7.14614 
1.56 7.50386 0.285442 7.7893 7.21842 
1.59 7.58268 0.291815 7.87449 7.29086 
1.62 7.66193 0.29847 7.9604 7.36346 
1.65 7.7416 0.305391 8.04699 7.43621 
1.68 7.82167 0.312564 8.13423 7.5091 
1.71 7.9021 0.319975 8.22208 7.58213 
1.74 7.98289 0.32761 8.3105 7.65528 
1.77 8.06402 0.335456 8.39947 7.72856 
1.8 8.14546 0.343501 8.48896 7.80196 
1.83 8.22721 0.351733 8.57894 7.87548 
1.86 8.30924 0.36014 8.66938 7.9491 
1.89 8.39155 0.368713 8.76026 8.02284 
1.92 8.47412 0.377441 8.85156 8.09668 
1.95 8.55694 0.386316 8.94326 8.17063 
1.98 8.64 0.395328 9.03533 8.24467 
2.01 8.72329 0.404471 9.12776 8.31882 
2.04 8.80679 0.413735 9.22053 8.39306 
2.07 8.8905 0.423114 9.31362 8.46739 
2.1 8.97441 0.432602 9.40702 8.54181 
2.13 9.05852 0.442193 9.50071 8.61632 
2.16 9.1428 0.45188 9.59468 8.69092 
2.19 9.22726 0.461658 9.68892 8.7656 
2.22 9.31189 0.471523 9.78341 8.84037 
2.25 9.39668 0.481469 9.87815 8.91521 
2.28 9.48162 0.491492 9.97311 8.99013 
2.31 9.56672 0.501589 10.0683 9.06513 
2.34 9.65195 0.511755 10.1637 9.1402 
2.37 9.73733 0.521986 10.2593 9.21534 
2.4 9.82283 0.53228 10.3551 9.29055 
2.43 9.90847 0.542633 10.4511 9.36584 
2.46 9.99423 0.553043 10.5473 9.44118 
2.49 10.0801 0.563505 10.6436 9.5166 
2.52 10.1661 0.574019 10.7401 9.59208 
2.55 10.2522 0.584582 10.8368 9.66762 
2.58 10.3384 0.59519 10.9336 9.74321 
2.61 10.4247 0.605843 11.0306 9.81887 
2.64 10.5111 0.616537 11.1277 9.89459 
2.67 10.5976 0.627272 11.2249 9.97036 
2.7 10.6842 0.638045 11.3223 10.0462 
2.73 10.7709 0.648855 11.4198 10.1221 
2.76 10.8577 0.6597 11.5174 10.198 
2.79 10.9446 0.670578 11.6151 10.274 
2.82 11.0315 0.681489 11.713 10.35 
2.85 11.1185 0.69243 11.8109 10.4261 
2.88 11.2056 0.703401 11.909 10.5022 
2.91 11.2928 0.7144 12.0072 10.5784 
2.94 11.38 0.725426 12.1054 10.6546 
2.97 11.4673 0.736478 12.2038 10.7309 
3 11.5547 0.747555 12.3023 10.8072 
